0.379559
0.398354
0.415217
0.430515
0.444372
0.456965
0.46806
0.478134
0.487125
0.494944
0.502027
0.5083
0.513819
0.518874
0.523228
0.527109
0.530633
0.533696
0.536412
0.538844
0.540957
0.54289
0.544576
0.546076
0.547419
0.548605
0.549657
0.55059
0.551429
0.552185
0.552868
0.553446
0.55399
0.554464
0.554902
0.555301
0.555632
0.555949
0.556249
0.556514
0.55675
0.55696
0.557163
0.557337
0.557503
0.557667
0.557784
0.557901
0.558006
0.558095
0.55819
0.558277
0.558366
0.558423
0.558475
0.558532
0.558598
0.558643
0.558693
0.55873
0.558775
0.5588
0.558833
0.558858
0.558877
0.558898
0.558908
0.558925
0.558939
0.558966
0.558986
0.559
0.55901
0.559021
0.559036
0.559038
0.55904
0.559049
0.559059
0.55907
0.559077
0.559087
0.559096
0.559102
0.559112
0.559119
0.55912
0.559117
0.559125
0.559134
0.55914
0.55914
0.55914
0.559148
0.559145
0.559146
0.559144
0.55914
0.559142
0.559141
0.559135
0.559133
0.559132
0.559132
0.55913
0.559124
0.559119
0.559117
0.559115
0.559111
0.559105
0.559099
0.5591
0.559097
0.559093
0.559093
0.559094
0.559089
0.559081
0.559073
0.55907
0.55907
0.559059
0.559055
0.559048
0.559042
0.559035
0.559032
0.559029
0.559027
0.559023
0.559019
0.559015
0.559007
0.559004
0.558996
0.558989
0.558981
0.558975
0.558963
0.558958
0.55895
0.55894
0.558932
0.558929
0.558923
0.55892
0.55891
0.558904
0.558896
0.558887
0.558881
0.55887
0.558869
0.558862
0.558855
0.55885
0.558844
0.558837
0.558832
0.558827
0.558829
0.558827
0.558819
0.558816
0.558808
0.558798
0.558801
0.558792
0.55879
0.558785
0.558779
0.558774
0.55877
0.558763
0.558759
0.558751
0.558745
0.558738
0.558735
0.558731
0.558724
0.558721
0.558715
0.558713
0.558708
0.5587
0.558695
0.558693
0.55869
0.558683
0.558678
0.558671
0.558664
0.558657
0.558649
0.558646
0.558644
0.55864
0.558634
0.558625
0.558619
0.558613
0.558607
0.558604
0.5586
0.558595
0.558591
0.558588
0.558585
0.558579
0.558572
0.558569
0.55856
0.558555
0.558549
0.558546
0.55854
0.558535
0.558531
0.558526
0.55852
0.558516
0.55851
0.558507
0.5585
0.558494
0.558485
0.55848
0.558473
0.558469
0.558467
0.558459
0.558453
0.558446
0.558438
0.558431
0.558425
0.558417
0.558414
0.558407
0.558403
0.558398
0.558395
0.558388
0.55838
0.558374
0.558368
0.558362
0.558355
0.558348
0.558344
0.558337
0.55833
0.558326
0.558321
0.558319
0.558313
0.558306
0.558299
0.558293
0.558286
0.558277
0.558273
0.558264
0.558257
0.558252
0.558245
0.558237
0.558229
0.558223
0.558215
0.558212
0.558206
0.558195
0.558189
0.558181
0.558174
0.558165
0.558158
0.558147
0.558138
0.558131
0.558125
0.558115
0.558108
0.558098
0.558089
0.558084
0.558076
0.558071
0.558065
0.558054
0.558047
0.558038
0.558034
0.558023
0.558017
0.558012
0.558
0.557994
0.557989
0.55798
0.557973
0.557966
0.557961
0.557953
0.557949
0.557939
0.557933
0.557924
0.557915
0.557911
0.557906
0.5579
0.557892
0.557887
0.557882
0.557875
0.557867
0.557854
0.557844
0.557836
0.557828
0.557814
0.557805
0.557794
0.557785
0.557781
0.557771
0.557763
0.557755
0.557749
0.557742
0.557735
0.557728
0.557717
0.557704
0.557698
0.557687
0.557679
0.557669
0.557662
0.557653
0.557644
0.557636
0.557628
0.557614
0.557604
0.557595
0.557583
0.557571
0.557562
0.557556
0.557549
0.55754
0.557534
0.557524
0.557517
0.557507
0.557496
0.557487
0.557476
0.557466
0.55746
0.557447
0.557435
0.55742
0.557406
0.557401
0.557392
0.557383
0.557375
0.557367
0.557358
0.557347
0.557338
0.557327
0.557319
0.557307
0.557296
0.557285
0.557277
0.557268
0.557256
0.557246
0.55724
0.557231
0.557215
0.557208
0.557198
0.557187
0.557176
0.557167
0.557159
0.557153
0.55714
0.557133
0.557121
0.557112
0.557104
0.557087
0.557073
0.557062
0.557056
0.557044
0.557032
0.557021
0.557012
0.556999
0.55699
0.556977
0.556967
0.556953
0.556942
0.55693
0.556924
0.556911
0.556895
0.556886
0.556875
0.556859
0.556846
0.556835
0.556827
0.556818
0.556806
0.556789
0.556777
0.556768
0.55675
0.55674
0.556728
0.556716
0.556706
0.556689
0.55668
0.55667
0.556661
0.556647
0.556637
0.556624
0.556612
0.556601
0.556587
0.556576
0.556566
0.556557
0.556544
0.556534
0.556521
0.556505
0.556493
0.556484
0.556469
0.556453
0.556439
0.556428
0.55641
0.556403
0.556391
0.556378
0.556365
0.556354
0.556341
0.556331
0.556315
0.556303
0.55629
0.55628
0.556269
0.556259
0.556244
0.556232
0.556218
0.556207
0.556192
0.556184
0.55617
0.55616
0.556148
0.556134
0.556124
0.556112
0.556101
0.556091
0.556074
0.556061
0.55605
0.556038
0.556022
0.556005
0.555992
0.555973
0.555961
0.555951
0.555939
0.555926
0.555907
0.555893
0.555877